0.000000 0.000000
299.962990 4.712195
599.814958 14.135423
899.481920 28.267358
1198.889939 47.104514
1497.965139 70.642243
1796.633728 98.874737
2094.822015 131.795030
2392.456425 169.395000
2689.463523 211.665370
2985.770025 258.595709
3281.302823 310.174439
3575.988998 366.388834
3869.755841 427.225022
4162.530870 492.667995
4454.241846 562.701604
4744.816794 637.308570
5034.184020 716.470485
5322.272125 800.167817
5609.010030 888.379914
5894.326985 981.085013
6178.152592 1078.260238
6460.416823 1179.881614
6741.050032 1285.924067
7019.982978 1396.361433
7297.146838 1511.166463
7572.473226 1630.310830
7845.894209 1753.765138
8117.342324 1881.498925
8386.750597 2013.480676
8654.052554 2149.677826
8919.182243 2290.056770
9182.074247 2434.582872
9442.663702 2583.220473
9700.886310 2735.932898
9956.678359 2892.682467
10209.976737 3053.430506
10460.718945 3218.137351
10708.843117 3386.762364
10954.288033 3559.263940
11196.993131 3735.599516
11436.898528 3915.725583
11673.945032 4099.597699
11908.074154 4287.170496
12139.228127 4478.397693
12367.349917 4673.232108
12592.383238 4871.625667
12814.272566 5073.529421
13032.963155 5278.893553
13248.401044 5487.667392
13460.533078 5699.799426
13669.306917 5915.237316
13874.671049 6133.927904
14076.574803 6355.817233
14274.968363 6580.850553
14469.802777 6808.972343
14661.029974 7040.126316
14848.602771 7274.255438
15032.474887 7511.301942
15212.600955 7751.207339
15388.936530 7993.912438
15561.438106 8239.357353
15730.063119 8487.481525
15894.769965 8738.223734
16055.518003 8991.522111
16212.267573 9247.314161
16364.979997 9505.536769
16513.617598 9766.126223
16658.143700 10029.018227
16798.522644 10294.147916
16934.719794 10561.449873
17066.701545 10830.858146
17194.435333 11102.306262
17317.889640 11375.727245
17437.034007 11651.053632
17551.839037 11928.217492
17662.276403 12207.150438
17768.318856 12487.783647
17869.940232 12770.047878
17967.115458 13053.873486
18059.820556 13339.190440
18148.032654 13625.928345
18231.729985 13914.016451
18310.891900 14203.383676
18385.498866 14493.958624
18455.532476 14785.669601
18520.975448 15078.444629
18581.811637 15372.211472
18638.026031 15666.897648
18689.604761 15962.430445
18736.535101 16258.736948
18778.805470 16555.744045
18816.405440 16853.378455
18849.325734 17151.566742
18877.558228 17450.235331
18901.095956 17749.310531
18919.933112 18048.718550
18934.065047 18348.385512
18943.488275 18648.237481
18948.200470 18948.200470
18948.200470 19248.200470
18943.488275 19548.163460
18934.065047 19848.015428
18919.933112 20147.682391
18901.095956 20447.090409
18877.558228 20746.165609
18849.325734 21044.834199
18816.405440 21343.022485
18778.805470 21640.656896
18736.535101 21937.663993
18689.604761 22233.970495
18638.026031 22529.503293
18581.811637 22824.189468
18520.975448 23117.956311
18455.532476 23410.731340
18385.498866 23702.442316
18310.891900 23993.017265
18231.729985 24282.384490
18148.032654 24570.472596
18059.820556 24857.210500
17967.115458 25142.527455
17869.940232 25426.353063
17768.318856 25708.617293
17662.276403 25989.250503
17551.839037 26268.183448
17437.034007 26545.347308
17317.889640 26820.673696
17194.435333 27094.094679
17066.701545 27365.542795
16934.719794 27634.951067
16798.522644 27902.253025
16658.143700 28167.382714
16513.617598 28430.274718
16364.979997 28690.864172
16212.267573 28949.086780
16055.518003 29204.878829
15894.769965 29458.177207
15730.063119 29708.919415
15561.438106 29957.043588
15388.936530 30202.488503
15212.600955 30445.193601
15032.474887 30685.098999
14848.602771 30922.145503
14661.029974 31156.274625
14469.802777 31387.428598
14274.968363 31615.550387
14076.574803 31840.583708
13874.671049 32062.473037
13669.306917 32281.163625
13460.533078 32496.601514
13248.401044 32708.733549
13032.963155 32917.507388
12814.272566 33122.871519
12592.383238 33324.775273
12367.349917 33523.168833
12139.228127 33718.003247
11908.074154 33909.230444
11673.945032 34096.803241
11436.898528 34280.675357
11196.993131 34460.801425
10954.288033 34637.137001
10708.843117 34809.638576
10460.718945 34978.263590
10209.976737 35142.970435
9956.678359 35303.718474
9700.886310 35460.468043
9442.663702 35613.180468
9182.074247 35761.818068
8919.182243 35906.344170
8654.052554 36046.723115
8386.750597 36182.920265
8117.342324 36314.902016
7845.894209 36442.635803
7572.473226 36566.090111
7297.146838 36685.234478
7019.982978 36800.039508
6741.050032 36910.476873
6460.416823 37016.519326
6178.152592 37118.140703
5894.326985 37215.315928
5609.010030 37308.021026
5322.272125 37396.233124
5034.184020 37479.930456
4744.816794 37559.092371
4454.241846 37633.699337
4162.530870 37703.732946
3869.755841 37769.175918
3575.988998 37830.012107
3281.302823 37886.226501
2985.770025 37937.805231
2689.463523 37984.735571
2392.456425 38027.005941
2094.822015 38064.605911
1796.633728 38097.526204
1497.965139 38125.758698
1198.889939 38149.296427
899.481920 38168.133583
599.814958 38182.265518
299.962990 38191.688745
0.000000 38196.400941
-300.000000 38196.400941
-599.962990 38191.688745
-899.814958 38182.265518
-1199.481920 38168.133583
-1498.889939 38149.296427
-1797.965139 38125.758698
-2096.633728 38097.526204
-2394.822015 38064.605911
-2692.456425 38027.005941
-2989.463523 37984.735571
-3285.770025 37937.805231
-3581.302823 37886.226501
-3875.988998 37830.012107
-4169.755841 37769.175918
-4462.530870 37703.732946
-4754.241846 37633.699337
-5044.816794 37559.092371
-5334.184020 37479.930456
-5622.272125 37396.233124
-5909.010030 37308.021026
-6194.326985 37215.315928
-6478.152592 37118.140703
-6760.416823 37016.519326
-7041.050032 36910.476873
-7319.982978 36800.039508
-7597.146838 36685.234478
-7872.473226 36566.090111
-8145.894209 36442.635803
-8417.342324 36314.902016
-8686.750597 36182.920265
-8954.052554 36046.723115
-9219.182243 35906.344170
-9482.074247 35761.818068
-9742.663702 35613.180468
-10000.886310 35460.468043
-10256.678359 35303.718474
-10509.976737 35142.970435
-10760.718945 34978.263590
-11008.843117 34809.638576
-11254.288033 34637.137001
-11496.993131 34460.801425
-11736.898528 34280.675357
-11973.945032 34096.803241
-12208.074154 33909.230444
-12439.228127 33718.003247
-12667.349917 33523.168833
-12892.383238 33324.775273
-13114.272566 33122.871519
-13332.963155 32917.507388
-13548.401044 32708.733549
-13760.533078 32496.601514
-13969.306917 32281.163625
-14174.671049 32062.473037
-14376.574803 31840.583708
-14574.968363 31615.550387
-14769.802777 31387.428598
-14961.029974 31156.274625
-15148.602771 30922.145503
-15332.474887 30685.098999
-15512.600955 30445.193601
-15688.936530 30202.488503
-15861.438106 29957.043588
-16030.063119 29708.919415
-16194.769965 29458.177207
-16355.518003 29204.878829
-16512.267573 28949.086780
-16664.979997 28690.864172
-16813.617598 28430.274718
-16958.143700 28167.382714
-17098.522644 27902.253025
-17234.719794 27634.951067
-17366.701545 27365.542795
-17494.435333 27094.094679
-17617.889640 26820.673696
-17737.034007 26545.347308
-17851.839037 26268.183448
-17962.276403 25989.250503
-18068.318856 25708.617293
-18169.940232 25426.353063
-18267.115458 25142.527455
-18359.820556 24857.210500
-18448.032654 24570.472596
-18531.729985 24282.384490
-18610.891900 23993.017265
-18685.498866 23702.442316
-18755.532476 23410.731340
-18820.975448 23117.956311
-18881.811637 22824.189468
-18938.026031 22529.503293
-18989.604761 22233.970495
-19036.535101 21937.663993
-19078.805470 21640.656896
-19116.405440 21343.022485
-19149.325734 21044.834199
-19177.558228 20746.165609
-19201.095956 20447.090409
-19219.933112 20147.682391
-19234.065047 19848.015428
-19243.488275 19548.163460
-19248.200470 19248.200470
-19248.200470 18948.200470
-19243.488275 18648.237481
-19234.065047 18348.385512
-19219.933112 18048.718550
-19201.095956 17749.310531
-19177.558228 17450.235331
-19149.325734 17151.566742
-19116.405440 16853.378455
-19078.805470 16555.744045
-19036.535101 16258.736948
-18989.604761 15962.430445
-18938.026031 15666.897648
-18881.811637 15372.211472
-18820.975448 15078.444629
-18755.532476 14785.669601
-18685.498866 14493.958624
-18610.891900 14203.383676
-18531.729985 13914.016451
-18448.032654 13625.928345
-18359.820556 13339.190440
-18267.115458 13053.873486
-18169.940232 12770.047878
-18068.318856 12487.783647
-17962.276403 12207.150438
-17851.839037 11928.217492
-17737.034007 11651.053632
-17617.889640 11375.727245
-17494.435333 11102.306262
-17366.701545 10830.858146
-17234.719794 10561.449873
-17098.522644 10294.147916
-16958.143700 10029.018227
-16813.617598 9766.126223
-16664.979997 9505.536769
-16512.267573 9247.314161
-16355.518003 8991.522111
-16194.769965 8738.223734
-16030.063119 8487.481525
-15861.438106 8239.357353
-15688.936530 7993.912438
-15512.600955 7751.207339
-15332.474887 7511.301942
-15148.602771 7274.255438
-14961.029974 7040.126316
-14769.802777 6808.972343
-14574.968363 6580.850553
-14376.574803 6355.817233
-14174.671049 6133.927904
-13969.306917 5915.237316
-13760.533078 5699.799426
-13548.401044 5487.667392
-13332.963155 5278.893553
-13114.272566 5073.529421
-12892.383238 4871.625667
-12667.349917 4673.232108
-12439.228127 4478.397693
-12208.074154 4287.170496
-11973.945032 4099.597699
-11736.898528 3915.725583
-11496.993131 3735.599516
-11254.288033 3559.263940
-11008.843117 3386.762364
-10760.718945 3218.137351
-10509.976737 3053.430506
-10256.678359 2892.682467
-10000.886310 2735.932898
-9742.663702 2583.220473
-9482.074247 2434.582872
-9219.182243 2290.056770
-8954.052554 2149.677826
-8686.750597 2013.480676
-8417.342324 1881.498925
-8145.894209 1753.765138
-7872.473226 1630.310830
-7597.146838 1511.166463
-7319.982978 1396.361433
-7041.050032 1285.924067
-6760.416823 1179.881614
-6478.152592 1078.260238
-6194.326985 981.085013
-5909.010030 888.379914
-5622.272125 800.167817
-5334.184020 716.470485
-5044.816794 637.308570
-4754.241846 562.701604
-4462.530870 492.667995
-4169.755841 427.225022
-3875.988998 366.388834
-3581.302823 310.174439
-3285.770025 258.595709
-2989.463523 211.665370
-2692.456425 169.395000
-2394.822015 131.795030
-2096.633728 98.874737
-1797.965139 70.642243
-1498.889939 47.104514
-1199.481920 28.267358
-899.814958 14.135423
-599.962990 4.712195
-300.000000 -0.000000
-0.000000 -0.000000
299.962990 4.712195
599.814958 14.135423
899.481920 28.267358
1198.889939 47.104514
1497.965139 70.642243
1796.633728 98.874737
2094.822015 131.795030
2392.456425 169.395000
2689.463523 211.665370
2985.770025 258.595709
3281.302823 310.174439
3575.988998 366.388834
3869.755841 427.225022
4162.530870 492.667995
4454.241846 562.701604
4744.816794 637.308570
5034.184020 716.470485
5322.272125 800.167817
5609.010030 888.379914
5894.326985 981.085013
6178.152592 1078.260238
6460.416823 1179.881614
6741.050032 1285.924067
7019.982978 1396.361433
7297.146838 1511.166463
7572.473226 1630.310830
7845.894209 1753.765138
8117.342324 1881.498925
8386.750597 2013.480676
8654.052554 2149.677826
8919.182243 2290.056770
9182.074247 2434.582872
9442.663702 2583.220473
9700.886310 2735.932898
9956.678359 2892.682467
10209.976737 3053.430506
10460.718945 3218.137351
10708.843117 3386.762364
10954.288033 3559.263940
11196.993131 3735.599516
11436.898528 3915.725583
11673.945032 4099.597699
11908.074154 4287.170496
12139.228127 4478.397693
12367.349917 4673.232108
12592.383238 4871.625667
12814.272566 5073.529421
13032.963155 5278.893553
13248.401044 5487.667392
13460.533078 5699.799426
13669.306917 5915.237316
13874.671049 6133.927904
14076.574803 6355.817233
14274.968363 6580.850553
14469.802777 6808.972343
14661.029974 7040.126316
14848.602771 7274.255438
15032.474887 7511.301942
15212.600955 7751.207339
15388.936530 7993.912438
15561.438106 8239.357353
15730.063119 8487.481525
15894.769965 8738.223734
16055.518003 8991.522111
16212.267573 9247.314161
16364.979997 9505.536769
16513.617598 9766.126223
16658.143700 10029.018227
16798.522644 10294.147916
16934.719794 10561.449873
17066.701545 10830.858146
17194.435333 11102.306262
17317.889640 11375.727245
17437.034007 11651.053632
17551.839037 11928.217492
17662.276403 12207.150438
17768.318856 12487.783647
17869.940232 12770.047878
17967.115458 13053.873486
18059.820556 13339.190440
18148.032654 13625.928345
18231.729985 13914.016451
18310.891900 14203.383676
18385.498866 14493.958624
18455.532476 14785.669601
18520.975448 15078.444629
18581.811637 15372.211472
18638.026031 15666.897648
18689.604761 15962.430445
18736.535101 16258.736948
18778.805470 16555.744045
18816.405440 16853.378455
18849.325734 17151.566742
18877.558228 17450.235331
18901.095956 17749.310531
18919.933112 18048.718550
18934.065047 18348.385512
18943.488275 18648.237481
18948.200470 18948.200470
18948.200470 19248.200470
